 255 255 255
   0   0   0
 120  28 129
  53  78 161
  70 131 193
  87 163 173
 109 179 136
 177 190  78
 223 165  58
 231 116  47
 217  33  32
 255 255 255
 255 255 255
 255 255 255
 255 255 255
 255 255 255
 255 255 255
 255 255 255
 255 255 255
 255 255 255
 255 255 255
 255 255 255
 255 255 255
 255 255 255
 255 255 255
 255 255 255
 255 255 255
 255 255 255
 255 255 255
 255 255 255
 255 255 255
 255 255 255
 255 255 255
 255 255 255
 255 255 255
 255 255 255
 255 255 255
 255 255 255
 255 255 255
 255 255 255
 255 255 255
 255 255 255
 255 255 255
 255 255 255
 255 255 255
 255 255 255
 255 255 255
 255 255 255
 255 255 255
 255 255 255
 255 255 255
 255 255 255
 255 255 255
 255 255 255
 255 255 255
 255 255 255
 255 255 255
 255 255 255
 255 255 255
 255 255 255
 255 255 255
 255 255 255
 255 255 255
 255 255 255
 255 255 255
 255 255 255
 255 255 255
 255 255 255
 255 255 255
 255 255 255
 255 255 255
 255 255 255
 255 255 255
 255 255 255
 255 255 255
 255 255 255
 255 255 255
 255 255 255
 255 255 255
 255 255 255
 255 255 255
 255 255 255
 255 255 255
 255 255 255
 255 255 255
 255 255 255
 255 255 255
 255 255 255
 255 255 255
 255 255 255
 255 255 255
 255 255 255
 255 255 255
 255 255 255
 255 255 255
 255 255 255
 255 255 255
 255 255 255
 255 255 255
 255 255 255
 255 255 255
 255 255 255
 255 255 255
 255 255 255
 255 255 255
 255 255 255
 255 255 255
 255 255 255
 255 255 255
 255 255 255
 255 255 255
 255 255 255
 255 255 255
 255 255 255
 255 255 255
 255 255 255
 255 255 255
 255 255 255
 255 255 255
 255 255 255
 255 255 255
 255 255 255
 255 255 255
 255 255 255
 255 255 255
 255 255 255
 255 255 255
 255 255 255
 255 255 255
 255 255 255
 255 255 255
 255 255 255
 255 255 255
 255 255 255
 255 255 255
 255 255 255
 255 255 255
 255 255 255
 255 255 255
 255 255 255
 255 255 255
 255 255 255
 255 255 255
 255 255 255
 255 255 255
 255 255 255
 255 255 255
 255 255 255
 255 255 255
 255 255 255
 255 255 255
 255 255 255
 255 255 255
 255 255 255
 255 255 255
 255 255 255
 255 255 255
 255 255 255
 255 255 255
 255 255 255
 255 255 255
 255 255 255
 255 255 255
 255 255 255
 255 255 255
 255 255 255
 255 255 255
 255 255 255
 255 255 255
 255 255 255
 255 255 255
 255 255 255
 255 255 255
 255 255 255
 255 255 255
 255 255 255
 255 255 255
 255 255 255
 255 255 255
 255 255 255
 255 255 255
 255 255 255
 255 255 255
 255 255 255
 255 255 255
 255 255 255
 255 255 255
 255 255 255
 255 255 255
 255 255 255
 255 255 255
 255 255 255
 255 255 255
 255 255 255
 255 255 255
 255 255 255
 255 255 255
 255 255 255
 255 255 255
 255 255 255
 255 255 255
 255 255 255
 255 255 255
 255 255 255
 255 255 255
 255 255 255
 255 255 255
 255 255 255
 255 255 255
 255 255 255
 255 255 255
 255 255 255
 255 255 255
 255 255 255
 255 255 255
 255 255 255
 255 255 255
 255 255 255
 255 255 255
 255 255 255
 255 255 255
 255 255 255
 255 255 255
 255 255 255
 255 255 255
 255 255 255
 255 255 255
 255 255 255
 255 255 255
 255 255 255
 255 255 255
 255 255 255
 255 255 255
 255 255 255
 255 255 255
 255 255 255
 255 255 255
 255 255 255
 255 255 255
 255 255 255
 255 255 255
 255 255 255
 255 255 255
 255 255 255
 255 255 255
 255 255 255
 255 255 255
 255 255 255
 255 255 255
 255 255 255
 255 255 255
 255 255 255
 255 255 255
 255 255 255
 255 255 255
 255 255 255 
