 255 255 255
   0   0   0
 255 237 160
 254 178  76
 217  33  32
 255 255 255
 255 255 255
 255 255 255
 255 255 255
 255 255 255
 255 255 255
 255 255 255
 255 255 255
 255 255 255
 255 255 255
 255 255 255
 255 255 255
 255 255 255
 255 255 255
 255 255 255
 255 255 255
 255 255 255
 255 255 255
 255 255 255
 255 255 255
 255 255 255
 255 255 255
 255 255 255
 255 255 255
 255 255 255
 255 255 255
 255 255 255
 255 255 255
 255 255 255
 255 255 255
 255 255 255
 255 255 255
 255 255 255
 255 255 255
 255 255 255
 255 255 255
 255 255 255
 255 255 255
 255 255 255
 255 255 255
 255 255 255
 255 255 255
 255 255 255
 255 255 255
 255 255 255
 255 255 255
 255 255 255
 255 255 255
 255 255 255
 255 255 255
 255 255 255
 255 255 255
 255 255 255
 255 255 255
 255 255 255
 255 255 255
 255 255 255
 255 255 255
 255 255 255
 255 255 255
 255 255 255
 255 255 255
 255 255 255
 255 255 255
 255 255 255
 255 255 255
 255 255 255
 255 255 255
 255 255 255
 255 255 255
 255 255 255
 255 255 255
 255 255 255
 255 255 255
 255 255 255
 255 255 255
 255 255 255
 255 255 255
 255 255 255
 255 255 255
 255 255 255
 255 255 255
 255 255 255
 255 255 255
 255 255 255
 255 255 255
 255 255 255
 255 255 255
 255 255 255
 255 255 255
 255 255 255
 255 255 255
 255 255 255
 255 255 255
 255 255 255
 255 255 255
 255 255 255
 255 255 255
 255 255 255
 255 255 255
 255 255 255
 255 255 255
 255 255 255
 255 255 255
 255 255 255
 255 255 255
 255 255 255
 255 255 255
 255 255 255
 255 255 255
 255 255 255
 255 255 255
 255 255 255
 255 255 255
 255 255 255
 255 255 255
 255 255 255
 255 255 255
 255 255 255
 255 255 255
 255 255 255
 255 255 255
 255 255 255
 255 255 255
 255 255 255
 255 255 255
 255 255 255
 255 255 255
 255 255 255
 255 255 255
 255 255 255
 255 255 255
 255 255 255
 255 255 255
 255 255 255
 255 255 255
 255 255 255
 255 255 255
 255 255 255
 255 255 255
 255 255 255
 255 255 255
 255 255 255
 255 255 255
 255 255 255
 255 255 255
 255 255 255
 255 255 255
 255 255 255
 255 255 255
 255 255 255
 255 255 255
 255 255 255
 255 255 255
 255 255 255
 255 255 255
 255 255 255
 255 255 255
 255 255 255
 255 255 255
 255 255 255
 255 255 255
 255 255 255
 255 255 255
 255 255 255
 255 255 255
 255 255 255
 255 255 255
 255 255 255
 255 255 255
 255 255 255
 255 255 255
 255 255 255
 255 255 255
 255 255 255
 255 255 255
 255 255 255
 255 255 255
 255 255 255
 255 255 255
 255 255 255
 255 255 255
 255 255 255
 255 255 255
 255 255 255
 255 255 255
 255 255 255
 255 255 255
 255 255 255
 255 255 255
 255 255 255
 255 255 255
 255 255 255
 255 255 255
 255 255 255
 255 255 255
 255 255 255
 255 255 255
 255 255 255
 255 255 255
 255 255 255
 255 255 255
 255 255 255
 255 255 255
 255 255 255
 255 255 255
 255 255 255
 255 255 255
 255 255 255
 255 255 255
 255 255 255
 255 255 255
 255 255 255
 255 255 255
 255 255 255
 255 255 255
 255 255 255
 255 255 255
 255 255 255
 255 255 255
 255 255 255
 255 255 255
 255 255 255
 255 255 255
 255 255 255
 255 255 255
 255 255 255
 255 255 255
 255 255 255
 255 255 255
 255 255 255
 255 255 255
 255 255 255
 255 255 255
 255 255 255
 255 255 255
 255 255 255
 255 255 255
 255 255 255
 255 255 255
 255 255 255
 255 255 255
 255 255 255
 255 255 255
 255 255 255
 255 255 255
 255 255 255
 255 255 255
 255 255 255
 255 255 255
 255 255 255
